1.6450379999923825
6.629390000000512
11.60082199999124
16.614576999984365
21.658851999973194
26.641458000028706
31.611842000017987
36.622942999997576
41.63935200000424
46.63648500002182
51.61175699998921
56.660362999991776
61.628582000025744
66.6276000000039
71.66195799999286
76.62892000001875
81.6343640000241
86.65342699998746
91.62821099999974
96.62618099997644
101.63008900002524
106.65201500000876
111.62721800002373
116.62246499997764
121.6616419999923
126.63083900002903
131.63244100002203
136.644031000003
141.6325040000288
146.6215350000084
151.63487099999884
156.6407340000069
161.62829900002862
166.62389499998653
171.64114199999858
176.62654200000816
181.625978999989
186.64888400002155
191.62254999997685
196.6194029999997
201.60815499997398
206.60975800001324
211.60186200000908
216.60262699998611
221.64278200000354
226.62161599998853
231.6562540000291
236.63655500001823
241.612315999987
246.60511899998028
251.64855700001
256.6452010000262
261.63039099998286
266.6165580000097
271.6076849999922
276.58833499998536
281.5954550000015
286.62087399999336
291.6117909999798
296.5876220000041
301.5917390000027
306.6349669999795
311.646278000012
316.62532199999305
321.5994070000079
326.63928300002
331.6612090000035
336.73928799998976
341.6186680000237
346.64890599998444
351.65162599997757
356.6473619999897
361.60719999998037
366.62549499999386
371.62954199999376
376.5962240000249
381.59880400002066
386.655372000007
391.6316919999758
396.62170100001504
401.6317549999826
406.6031859999839
411.6312579999999
416.6250389999959
421.6434030000187
426.59548900002164
431.6336879999767
436.62034499999436
441.6229249999901
446.6323500000158
451.63206699999137
456.6623740000182
461.62884699998585
466.64043700002367
471.5849789999993
476.5823920000116
481.59328299999515
486.65236499999764
491.59900299997616
496.5838439999857
501.5857259999734
506.6076530000032
511.5798520000112
516.5790809999748
521.6258010000274
526.6158100000098
531.6238379999731
536.6181080000274
541.6470879999906
546.6081829999894
551.6206809999744
556.6183729999921
561.6111759999853
566.6124300000206
571.6054420000205
576.5715659999842
581.6073209999786
586.5872030000219
591.6464950000204
596.5744850000192
601.610729000015
606.6350300000067
611.5791540000259
616.575867999984
621.6112739999744
626.5675500000043
631.5893369999799
636.5625839999893
641.6192920000299
646.5650910000136
651.5893929999947
656.6136939999865
661.5978359999986
666.5942010000094
671.6533530000106
676.5976159999809
681.6045969999891
686.5952350000271
691.6152059999945
696.5955769999823
701.5918719999945
706.6203640000026
711.6352360000064
716.6223820000255
721.7295849999914
726.5933209999957
731.6028860000188
736.6009269999836
741.6073489999917
746.5796179999984
751.6077610000025
756.6157890000227
761.622210999974
766.5886839999985
771.6017399999942
776.593145999982
781.5924450000011
786.6110890000186
791.6043800000239
796.5807709999808
801.5779039999984
806.6192460000252
811.6082079999956
816.6060390000212
821.6418640000143
826.6079179999792
831.5749490000144
836.571733000028
841.5936600000009
846.5761960000009
851.6111829999886
856.6301060000114
861.629473999983
866.6187150000155
871.6147310000224
876.603762000002
881.6114410000182
886.6008919999899
891.6249139999763
896.6080779999857
901.6171540000073
906.5723130000265
911.5581309999925
916.5562420000128
921.6628859999787
926.5608449999831
931.5560219999952
936.5475679999804
941.5694250000115
946.5852750000181
951.565856000002
956.5514650000182
961.5514619999885
966.5448929999911
971.5514549999966
976.5882570000031
981.5890919999788
986.5783330000113
991.6178600000194
996.5796530000262
1001.5868429999841
1006.5751060000139
1011.5774079999937
1016.5761470000234
1021.5770510000084
1026.6001649999907
1031.5893360000246
1036.5816500000165
1041.6133549999813
1046.5722850000247
1051.5740270000151
1056.6049629999839
1061.6013279999947
1066.6113820000191
1071.6136830000096
1076.6036219999933
1081.597123999984
1086.5951650000056
1091.6108750000149
1096.572669000011
1101.5755290000016
1106.5940330000217
1111.5679790000286
1116.5810360000137
1121.5743280000083
1126.5470160000177
1131.5394000000083
1136.5267549999771
1141.5185800000245
1146.565231000011
1151.5724210000258
1156.6479850000064
1161.5797470000189
1166.607331000023
1171.624926999982
1176.5636029999769
1181.5463490000297
1186.5410380000299
1191.6040309999971
1196.5949479999836
1201.5987159999781
1206.661988999997
1211.543603999985
1216.5434610000148
1221.5468800000053
1226.53144100002
1231.5933169999767
1236.5903799999955
1241.536320000023
1246.5454659999864
1251.5456020000215
1256.5562839999984
1261.5407060000052
1266.5322519999904
1271.5425850000202
1276.6638250000142
1281.5911870000036
1286.5828029999875
1291.6104560000008
1296.5789539999832
1301.5907540000171
1306.6224579999925
1311.5808989999778
1316.5813850000063
1321.5960480000035
1326.5933910000172
1331.5785809999738
1336.5766219999955
1341.5352719999873
1346.5703990000293
1351.5324019999753
1356.607896000014
1361.5421029999766
1366.518143999997
1371.5242860000103
1376.541813000017
1381.5191809999874
1386.5214819999778
1391.5763040000115
1396.561494000025
1401.575529000013
1406.5530359999912
1411.5931219999993
1416.56629900001
1421.5726510000195
1426.5921329999856
1431.567825000002
1436.5565769999762
1441.6083259999937
1446.5679539999883
1451.5773090000152
1456.5627090000248
1461.5598419999856
1466.564587999983
1471.5745720000086
1476.5909810000153
1481.559408999999
1486.5646439999978
1491.5579359999924
1496.5615639999896
1501.5713380000193
1506.5563190000262
1511.5789440000071
1516.5548460000196
1521.5618270000277
1526.5732770000113
1531.5563030000021
1536.5471499999899
1541.598061000002
1546.552312000017
1551.586321000002
1556.5820570000142
1561.5981170000168
1566.5791170000034
1571.5796729999738
1576.603485000021
1581.5835070000048
1586.5772180000022
1591.605570000013
1596.5775610000037
1601.5792339999848
1606.5765069999998
1611.6007379999928
1616.5653250000105
1621.5730040000267
1626.5750960000105
1631.510210999977
1636.5095790000055
1641.5662859999998
1646.5236099999743
1651.5870229999905
1656.5247209999825
1661.5127750000056
1666.5041109999947
1671.5149330000258
1676.572479000015
1681.5651420000108
1686.5574569999922
1691.7903039999942
1696.5668779999987
1701.5261579999788
1706.508972999984
1711.5003100000195
1716.5693790000205
1721.561414000007
1726.5642739999976
1731.5686009999922
1736.5665720000152
1741.5754389999734
1746.565798000006
1751.5611850000141
1756.5559430000235
1761.5737489999788
1766.5561460000276
1771.555234999994
1776.4990790000184
1781.561513999975
1786.5605329999994
1791.5996410000048
1796.5640180000264
1801.5559130000156
1806.5496940000116
1811.5586999999778
1816.5541569999846
1821.5769920000184
1826.5759409999873
1831.5640650000091
1836.5623149999806
1841.5530230000172
1846.5730639999833
1851.5541340000254
1856.4921820000109
1861.5836000000172
1866.537361999974
1871.5590790000078
1876.5504159999864
1881.5470600000026
1886.5507579999985
1891.558577000012
1896.5575959999796
1901.5456500000028
1906.556471999977
1911.5649199999893
1916.5497609999989
1921.5374650000285
1926.569239999992
1931.5704240000287
1936.5853659999743
1941.5861310000082
1946.5963950000287
1951.5714579999894
1956.5785780000056
1961.5889809999771
1966.5721459999759
1971.5819909999936
1976.5771680000057
1981.5671079999788
1986.5592119999747
1991.564517000029
1996.595941999999
2001.5671639999937
2006.568628000025
2011.5705800000114
2016.5647800000102
2021.56882700001
2026.575529000013
2031.566865000002
2036.5605759999994
2041.5737729999819
2046.5917189999914
2051.563638999994
2056.547292999994
2061.52417200002
2066.49050499999
2071.4921080000295
2076.4870770000243
2081.5515369999957
2086.540848000027
2091.5497139999957
2096.5510380000296
2101.547122999989
2106.497881999985
2111.5426470000216
2116.475525999988
2121.4774779999743
2126.643348000016
2131.478379999976
2136.4813800000206
2141.4854270000205
2146.5537980000136
2151.5432489999853
2156.4770360000125
2161.4717250000126
2166.4761210000165
2171.4925310000126
2176.662240999974
2181.4679400000045
2186.466051000025
2191.4828789999774
2196.577789999992
2201.544962000014
2206.530989999976
2211.5617869999937
2216.5287479999733
2221.5492779999977
2226.584404999983
2231.548363999991
2236.5294339999764
2241.5457029999857
2246.4741129999766
2251.4630740000143
2256.4577630000144
2261.4719379999997
2266.4573380000093
2271.468787999993
2276.4791910000213
2281.471016000012
2286.453623
2291.455434999989
2296.463673000005
2301.542729999994
2306.473444000005
2311.455910999996
2316.456465999977
2321.457441000007
2326.5326559999835
2331.5450150000174
2336.5156080000133
2341.536696999981
2346.5571570000066
2351.5305440000134
2356.5313089999904
2361.5816610000024
2366.511467999999
2371.5291340000135
2376.518095999984
2381.54309600003
2386.511105000011
2391.5248609999935
2396.545740000022
2401.5123519999975
2406.5096250000124
2411.531062999984
2416.505357999995
2421.5159710000194
2426.5196690000153
2431.541455999991
2436.506393000002
2441.5197289999924
2446.53837300001
2451.5186749999884
2456.5160170000127
2461.540807999995
2466.509794999979
2471.525435999979
2476.506506000021
2481.5139049999857
2486.516277000021
2491.5102670000238
2496.759806
2501.517454000009
2506.5093499999875
2511.526736999997
2516.4454389999946
2521.439708999992
2526.5046580000217
2531.4376069999867
2536.4253120000058
2541.4395560000003
2546.45121599998
2551.5128829999867
2556.49632799998
2561.584394000022
2566.428504999976
2571.432413000025
2576.420885999994
2581.4254929999834
2586.422835999997
2591.4227630000255
2596.434283000008
2601.496578000024
2606.4910580000173
2611.634089000006
2616.483857999981
2621.4938420000067
2626.489718000016
2631.4858040000217
2636.4788870000098
2641.479371999992
2646.4923600000247
2651.496896000026
2656.49437899998
2661.5202869999735
2666.483965999987
2671.4748829999735
2676.480118000029
2681.494153000017
2686.4864679999982
2691.490724999994
2696.4888360000145
2701.4970039999753
2706.4865250000025
2711.4736710000216
2716.4835849999918
2721.4792519999946
2726.493495999989
2731.513468000003
2736.475611000003
2741.4922300000057
2746.4055539999777
2751.4821660000166
2756.47664600001
2761.491938000006
2766.4170649999846
2771.409867999978
2776.402881000024
2781.5096649999873
2786.4719469999955
2791.487518999986
2796.474874000012
2801.4108969999825
2806.4178779999907
2811.4724900000283
2816.4108870000177
2821.409975999984
2826.4113700000166
2831.4307129999747
2836.399560000018
2841.4037480000047
2846.3970399999994
2851.473581999983
2856.472531999998
2861.426363000021
2866.4252429999806
2871.4058240000213
2876.3872430000106
2881.410566999989
2886.3896810000256
2891.4067890000297
2896.5144109999983
2901.4658680000025
2906.4560180000285
2911.4985479999973
2916.419764000011
2921.4053030000287
2926.493719000007
2931.4497859999733
2936.449363999998
2941.461652999976
2946.4585069999885
2951.464299999998
2956.458220999991
2961.4693220000277
2966.478328999983
2971.459048999975
2976.451364000013
2981.4538749999997
2986.442418000024
2991.461969999989
2996.544379999989
3001.462941999989
3006.443871999977
3011.44945599998
3016.414112999996
3021.3749989999883
3026.3709449999965
3031.4443450000113
3036.4428049999788
3041.4471319999734
3046.502164000003
3051.457742000025
3056.453198999975
3061.4553610000144
3066.4358719999996
3071.456751000028
3076.448856000013
3081.374820999997
3086.3642720000257
3091.381031000026
3096.6337830000157
3101.445558000023
3106.4373830000136
3111.447785999985
3116.3955420000207
3121.3758439999992
3126.360964000014
3131.3883390000115
3136.358862999998
3141.3744339999994
3146.4902980000033
3151.4527900000076
3156.446082000002
3161.446147999982
3166.437555000016
3171.444326000028
3176.441808999982
3181.375736000007
3186.356456999988
3191.363297999999
3196.4573010000095
3201.4661680000245
3206.4373200000205
3211.3803959999814
3216.360908000013
3221.417615000007
3226.422501000002
3231.4553229999774
3236.425777000022
3241.4237489999778
3246.476475999998
3251.4302380000117
3256.423041000005
3261.440498000013
3266.3751929999876
3271.3571009999782
3276.3508819999743
3281.446351999989
3286.4112190000014
3291.4340539999785
3296.421129999999
3301.434535999988
3306.349676000025
3311.3591009999936
3316.436830999976
3321.4079140000194
3326.4070029999857
3331.4026699999886
3336.3386920000266
3341.351959000008
3346.356705000005
3351.4375080000036
3356.397066999989
3361.4039779999985
3366.3640249999958
3371.4003399999797
3376.402292000023
3381.4299460000257
3386.397466999995
3391.402282999991
3396.4052829999787
3401.4114949999907
3406.4008760000206
3411.4232219999963
3416.4010790000248
3421.3990509999803
3426.392342999975
3431.3898949999952
3436.391289000028
3441.402181000001
3446.3850669999943
3451.3800349999997
3456.3858289999985
3461.401889000001
3466.3766730000134
3471.395527000027
3476.382952999984
3481.466339999997
3486.4010350000285
3491.412206999996
3496.406406999995
3501.394461000018
3506.3971820000006
3511.4032550000047
3516.3823689999845
3521.391026999993
3526.389208000012
3531.6745760000003
3536.3893420000068
3541.4054020000094
3546.3970179999933
3551.3836060000017
3556.396941999992
3561.3945650000005
3566.376611999999
3571.383174999994
3576.384637999979
3581.4132699999845
3586.3164670000174
3591.3120640000216
3596.307242000023
3601.330356999995
3606.30611900001
3611.318826999991
3616.3774209999815
3621.3820269999815
3626.3691039999912
3631.387539000002
3636.403739000002
3641.393468999979
3646.3734920000093
3651.3828469999794
3656.3766279999754
3661.3926190000257
3666.3037779999854
3671.3080349999814
3676.29916300001
3681.2838640000223
3686.375912000017
3691.3818450000235
3696.373531000006
3701.4049570000225
3706.3691949999793
3711.3691920000065
3716.3584340000284
3721.3888119999865
3726.392579999981
3731.375954999976
3736.377419000007
3741.387054000029
3746.365400000002
3751.404578000006
3756.3899780000156
3761.375797000028
3766.3621049999847
3771.3807499999916
3776.3808170000175
3781.3907309999877
3786.3620929999797
3791.3638360000164
3796.369491000007
3801.2898690000156
3806.3674590000005
3811.370528999987
3816.36619599999
3821.292160999974
3826.289853999981
3831.2980919999973
3836.322812999981
3841.298784000003
3846.2871180000207
3851.359120999973
3856.340959000022
3861.3556930000072
3866.363442000022
3871.367350000014
3876.3495379999995
3881.355751000001
3886.3630110000145
3891.3567920000105
3896.362097000008
3901.297141999976
3906.3465169999745
3911.3534979999827
3916.353285000014
3921.351327000025
3926.353000000006
3931.3434289999805
3936.3738760000047
3941.3583689999996
3946.3474010000255
3951.343974999986
3956.3511659999904
3961.380496000004
3966.427565999993
3971.3516460000164
3976.3463350000166
3981.361418000006
3986.26112300002
3991.2744599999996
3996.2632820000294
4001.2649550000106
4006.3331869999956
4011.2825489999864
4016.382978000024
4021.331362000012
4026.324165999995
4031.338479999988
4036.35398199998
4041.3351909999733
4046.340077000025
4051.3433570000075
4056.3311320000253
4061.3324560000024
4066.300185999978
4071.3295159999916
4076.3284660000068
4081.3261580000244
4086.353253000027
4091.336907000027
4096.327825000003
4101.347378000014
4106.329984000013
4111.3298419999755
4116.315869999994
4121.356864000007
4126.323407000029
4131.329830000027
4136.333598000021
4141.313061999995
4146.3178079999925
4151.259138
4156.311446000018
4161.3268080000125
4166.395459
4171.360186000015
4176.307383999983
4181.501958000013
4186.351796999987
4191.320295000025
4196.31645100003
4201.2429050000155
4206.318050999982
4211.322728000027
4216.318463999983
4221.360435999997
4226.298064999981
4231.312867999975
4236.251614000025
4241.309091000005
4246.3110429999915
4251.292741999976
4256.306986000027
4261.307681999995
4266.2981110000255
4271.321854000007
4276.311304999979
4281.3168889999815
4286.299564999979
4291.488762000028
4296.31094299998
4301.298717999998
4306.304931
4311.297943999989
4316.286417000015
4321.312884000008
4326.289554000027
4331.296814999973
4336.310710000021
4341.307842999981
4346.467217999987
4351.369787000011
4356.290863000027
4361.302104000004
4366.293999999982
4371.324447999996
4376.288965000014
4381.312288999993
4386.357961999976
4391.287350000028
4396.282039000027
4401.429122000025
4406.291532000012
4411.291318999985
4416.29145600001
4421.232646000021
4426.286420999986
4431.286139000008
4436.227539000015
4441.290881999976
4446.288014999993
4451.365536000026
4456.472040999984
4461.2948509999915
4466.2809499999985
4471.278712000014
4476.285972000028
4481.292814000028
4486.282544000005
4491.287150000006
4496.284284000012
4501.688381999998
4506.285885000011
4511.45671300003
4516.270513999984
4521.278123999991
4526.4522350000225
4531.284474000017
4536.289220000015
4541.284468000014
4546.274128999983
4551.414227000009
4556.281387000013
4561.2764950000155
4566.44774199998
4571.305053999993
4576.445223000008
4581.276553000009
4586.276130999977
4591.2892590000065
4596.275916000024
4601.43473200003
4606.286107000016
4611.44331700001
4616.4385650000095
4621.485075999999
4626.274711999997
4631.452035999984
4636.195715999975
4641.2055609999925
4646.321494000005
4651.280284999984
4656.472065999992
4661.429809000027
4666.192765999995
4671.344248000025
4676.304366000011
4681.317353999986
4686.253865000026
4691.440618000001
4696.440893999978
4701.478396000028
4706.26858999998
4711.432714000011
4716.423841999984
4721.433686000011
4726.255170000002
4731.429908999985
4736.422014000027
4741.258722999987
4746.416141999987
4751.421795999988
4756.454479000013
4761.270653999986
4766.43408000001
4771.439036000003
4776.4129120000125
4781.430929000009
4786.426107000011
4791.422612000019
4796.427218000019
4801.462485000002
4806.472051000014
4811.428885999987
4816.40821000002
4821.3392740000245
4826.408205000007
4831.4168620000255
4836.399259000018
4841.417485000022
4846.407005999992
4851.423904999991
4856.432003000009
4861.4291370000155
4866.423128000008
4871.406433000004
4876.400214
4881.422980000025
4886.689280999974
4891.423742000029
4896.410748999983
4901.419825999994
4906.385601000011
4911.409902000003
4916.418001000011
4921.417089999977
4926.41387499998
4931.420646999982
4936.520167000026
4941.434818999995
4946.410022000009
4951.399961999982
4956.432715000005
4961.414902999991
4966.420975999995
4971.325569999976
4976.421458999994
4981.417824999994
4986.803135000002
4991.42249800002
4996.390996999991
5001.406847999988
5006.400419999977
5011.422277999998
5016.396364000002
5021.4088619999875
5026.386301000002
5031.407179999974
5036.836631000028
5041.441815999974
5046.398302
5051.406820000011
5056.421833000002
5061.395919000006
5066.401713000005
5071.423082000024
5076.393815000018
5081.305324000027
5086.458413000002
5091.276822999987
5096.2515379999895
5101.2705320000005
5106.274439999993
5111.257325999986
5116.263119999985
5121.376608999981
5126.379819000022
5131.394832000013
5136.368499000014
5141.278820000025
5146.25933100001
5151.2563950000185
5156.273573000021
5161.392858999989
5166.28795500003
5171.438319999993
5176.370921
5181.384745999992
5186.3533850000185
5191.378176
5196.362877000012
5201.381452000021
5206.388224000022
5211.393110000017
5216.36726600002
5221.3637710000285
5226.380321000022
5231.387790999975
5236.372492999976
5241.383525000003
5246.355725000001
5251.372484000001
5256.398112999988
5261.3770880000175
5266.381625000008
5271.338250999975
5276.24661599998
5281.268264000005
5286.242281
5291.358843000012
5296.360236999988
5301.355693999994
5306.482872000004
5311.381250000011
5316.358897999976
5321.532171000001
5326.358683000024
5331.364687000018
5336.370830000022
5341.369429999986
5346.350291000022
5351.372636999997
5356.357269
5361.379197000019
5366.367180999987
5371.6932670000115
5376.368711999987
5381.366684
5386.3647950000195
5391.365280999991
5396.355431000018
5401.369117000002
5406.356473000016
5411.3664569999855
5416.355908000014
5421.751276000009
5426.235985000005
5431.234446000019
5436.212303999981
5441.344021000021
5446.3348689999975
5451.359380999975
5456.235618999983
5461.2180859999735
5466.21109900002
5471.687412999983
5476.353151000012
5481.3654399999905
5486.358731999985
5491.370044000007
5496.338821999984
5501.344126999982
5506.392804000029
5511.357530999987
5516.242499999976
5521.384624000007
5526.353332999975
5531.331399999999
5536.330839000016
5541.373717999988
5546.338235999997
5551.351364000027
5556.324890999975
5561.338438000007
5566.338923999979
5571.323765999978
5576.364200999989
5581.332910000015
5586.317123000015
5591.349037999976
5596.323821999988
5601.342117999991
5606.333455000026
5611.348608000015
5616.333380000015
5621.315498000002
5626.356771000019
5631.335396999986
5636.331063999989
5641.372197999999
5646.320442999979
5651.358085000027
5656.373028000018
5661.340758999984
5666.313936999984
5671.322454999995
5676.364567000008
5681.345147999991
5686.325869000029
5691.3401840000115
5696.321393999995
5701.318947000004
5706.384664999973
5711.336472000028
5716.318520000015
5721.333673000004
5726.342051000018
5731.307058000028
5736.329893000004
5741.299299999981
5746.311729000013
5751.325345999987
5756.319126999983
5761.344337000026
5766.314163000005
5771.323379000023
5776.299072000029
5781.312409000009
5786.296483000001
5791.311984999993
5796.297804000005
5801.315960000011
5806.782775999977
5811.316653000005
5816.303311000012
5821.3076380000075
5826.280187999999
5831.291570000019
5836.3100750000285
5841.31112
5846.301200000027
5851.29882199999
5856.609821999996
5861.306290000016
5866.30607799998
5871.320672000024
5876.34644100001
5881.322133000026
5886.209267000027
5891.300337000019
5896.305294000002
5901.311437000004
5906.629560999989
5911.323654
5916.214769000021
5921.185991000016
5926.349905999985
5931.321756999978
5936.304993000022
5941.293395999992
5946.300447999988
5951.317066999991
5956.634213000029
5961.333894000007
5966.293103999988
5971.301831000005
5976.182191000021
5981.305737000013
5986.300985000014
5991.326754
5996.167163999985
6001.18231700003
6006.319132999977
6011.326742999983
6016.287839000029
6021.164985999974
6026.195502999997
6031.154714000024
6036.16434899999
6041.146047999973
6046.148001000006
6051.14764900003
6056.220629999984
6061.330558000009
6066.2681869999915
6071.28166299998
6076.322307999988
6081.290668000009
6086.31022000003
6091.217399000016
6096.158241000012
6101.156213000024
6106.154882999988
6111.174016999996
6116.138605000004
6121.160531999976
6126.334643000007
6131.266615000015
6136.2759709999755
6141.288400999997
6146.2719849999985
6151.289931999998
6156.286158000001
6161.310947999993
6166.260451000027
6171.288523999976
6176.278953000008
6181.269381999982
6186.286769999981
6191.284322999991
6196.277615999975
6201.291930000025
6206.28689900002
6211.279423000007
6216.271318999987
6221.270129000004
6226.232901000003
6231.275711000024
6236.281924000024
6241.429775000029
6246.254889999989
6251.2620809999935
6256.251463000012
6261.253135999994
6266.26305100001
6271.27408299998
6276.26688700002
6281.259900000009
6286.272957999983
6291.78489100002
6296.250813000029
6301.280911999982
6306.284960000028
6311.248710000029
6316.240815000015
6321.267911000006
6326.258828999982
6331.256870000005
6336.2343090000195
6341.289969999991
6346.244710000008
6351.255951999974
6356.248057000016
6361.238276999984
6366.258318000007
6371.241413999996
6376.258661999998
6381.253770999991
6386.25893599999
6391.802298000016
6396.257742999978
6401.251525000021
6406.265700000005
6411.270655999999
6416.25012000003
6421.138301999974
6426.126076999992
6431.114201000014
6436.118878000002
6441.102182999998
6446.132841000008
6451.102875999994
6456.265813000016
6461.269582
6466.2549820000095
6471.25023000001
6476.1362469999995
6481.130027999996
6486.102228999982
6491.180239000016
6496.12771599999
6501.111090999984
6506.095303999984
6511.132038000028
6516.237914999976
6521.22932200001
6526.119180000023
6531.114847000026
6536.091447999979
6541.157515000009
6546.103037000023
6551.091998999993
6556.103939000024
6561.128101999998
6566.101419999995
6571.101138000017
6576.194653000016
6581.233412000018
6586.234317999981
6591.229984999984
6596.254287000022
6601.220341999977
6606.214752000028
6611.080236000021
6616.22780700003
6621.222008000018
6626.117523000004
6631.223330000012
6636.221232000025
6641.225350000013
6646.233449000021
6651.212494999982
6656.201736000014
6661.244547000024
6666.2173760000205
6671.223869000016
6676.517338999985
6681.213387000014
6686.2006040000215
6691.218830000025
6696.234053000012
6701.227345000007
6706.223502000001
6711.181314999976
6716.207922000023
6721.214205000024
6726.508373999991
6731.206168000028
6736.197086999993
6741.199318999975
6746.226485000023
6751.205808999998
6756.212301999994
6761.142527999993
6766.208665000022
6771.207125999979
6776.679388999981
6781.090206999977
6786.07658499999
6791.082728999982
6796.096066000018
6801.073504999977
6806.077833000018
6811.09675700003
6816.206265000005
6821.205145000022
6826.603936000027
6831.2273500000065
6836.2268579999745
6841.228182999998
6846.216587000015
6851.2161649999825
6856.20051799998
6861.0596460000015
6866.205541999989
6871.198833999983
6876.096234999977
6881.094067999982
6886.0683639999825
6891.058444000009
6896.064028000012
6901.203638000026
6906.1827529999955
6911.179328999992
6916.20076700002
6921.200415999976
6926.138324000021
6931.216333999999
6936.19761399998
6941.081606000012
6946.22177399998
6951.201378000007
6956.187198000009
6961.166102999982
6966.1636559999915
6971.169869999983
6976.147099000002
6981.230068000003
6986.183831000006
6991.185154999983
6996.206803000006
7001.180820000001
7006.181864999973
7011.088485000017
7016.184862999979
7021.102308000025
7026.077023000027
7031.080094000004
7036.049430999981
7041.062489000013
7046.052428999985
7051.184496000019
7056.048024000006
7061.062757999991
7066.052000000013
7071.065755999996
7076.064357000007
7081.218423999985
7086.175190000005
7091.161219000014
7096.208219000005
7101.1855190000115
7106.172316000027
7111.176504000014
7116.173149000019
7121.174473999986
7126.070686999981
7131.213789000014
7136.154142000009
7141.168317999984
7146.181026000022
7151.161817000002
7156.153922999976
7161.439151000024
7166.1687939999865
7171.150352999974
7176.152725000009
7181.164734999982
7186.147203000019
7191.161378000004
7196.137979000014
7201.1624900000015
7206.138113000008
7211.242942000013
7216.165765000028
7221.158779000007
7226.152071999991
7231.0394149999975
7236.015667000003
7241.0266989999745
7246.1818140000105
7251.142909999999
7256.1492629999975
7261.4272980000005
7266.153448000012
7271.151001000021
7276.14974200003
7281.1837520000045
7286.137305000011
7291.138768999986
7296.149801000012
7301.147005000019
7306.133523000028
7311.161667000022
7316.175213000008
7321.149649000006
7326.13644700001
7331.1614469999995
7336.136511000006
7341.15187399999
7346.127846000001
7351.136713000016
7356.139992999999
7361.176587999978
7366.158426000027
7371.142011000018
7376.144243999988
7381.181046999984
7386.144796999986
7391.145912000013
7396.161135
7401.144020999993
7406.13242500001
7411.15142000001
7416.159239000024
7421.1361189999825
7426.128225000013
7431.086177999987
7436.123958999986
7441.126681000014
7446.1054459999905
7451.13016800002
7456.142037999996
7461.119686000018
7466.142311999988
7471.119751000004
7476.14070100002
7481.161231999977
7486.143001000017
7491.145372999995
7496.116804999985
7501.148091999994
7506.136007000009
7511.109325000007
7516.156535999982
7521.1332760000005
7526.1113440000145
7531.149405000007
7536.1111990000045
7541.129565000006
7546.492107999995
7551.117966999982
7556.115519999992
7561.122640999997
7566.138841999987
7571.11977300002
7576.10286900001
7581.0208729999995
7585.981200999981
7590.9939800000075
7596.4862179999955
7600.981472999991
7605.971554000007
7610.974763999991
7616.130716999976
7621.124918000021
7626.118699000017
7631.042499999978
7635.972797000022
7640.974610000001
7646.472715000016
7651.114915999983
7656.119733000025
7661.109184999987
7666.099544000019
7671.1154650000135
7676.111622000008
7681.101142999978
7686.121115999981
7691.115595999974
7696.656722999989
7701.101203999997
7706.102039000029
7711.109580000028
7716.09246600002
7721.101961999977
7726.087991999975
7731.098046999989
7736.109847000023
7741.1227659999895
7745.998375999989
7751.109002000021
7756.096637999974
7761.112699000023
7766.098589000023
7771.121913000002
7776.11136500002
7781.07937499999
7786.10242100001
7791.092360999983
7796.105349000016
7801.10374100002
7806.078735000028
7811.084250000022
7816.135721000023
7821.111133999977
7826.091017999999
7831.104494999977
7836.092968000003
7841.105887000026
7846.082137999985
7851.116847000014
7856.078152999999
7861.08611200001
7866.112719000001
7871.094418999974
7876.0834509999995
7880.976662000023
7885.948164000012
7890.956124000013
7896.139802999983
7901.114727999982
7906.082668999999
7910.972457000014
7915.985933999991
7920.969239999977
7925.942417999977
7931.0955079999985
7936.076158999981
7941.098995000004
7946.079506999979
7951.116520000028
7956.072936999988
7961.068324999986
7965.968239999995
7971.086130000003
7975.965163000012
7980.99365600001
7985.943018
7990.944273000025
7995.957470999997
8000.963404999993
8005.943777000028
8010.9380480000145
8016.09162599999
8021.062011000026
8026.068993000024
8031.08309800001
8035.93426499998
8040.931747999992
8046.073174000014
8051.080156000012
8056.067790999976
8061.04865200001
8066.058777000024
8071.058774999983
8076.046759999997
8081.331080999973
8085.923904000027
8090.933330999974
8095.936681000012
8101.074894000021
8106.051913999977
8111.054635000017
8116.05142000002
8121.074534999991
8126.056933000029
8131.503006000003
8136.0473600000205
8141.065656000023
8146.064186999979
8151.002724000023
8156.047908999994
8161.065296999994
8166.042876000006
8171.058028999994
8176.046084000007
8181.586931000027
8185.948440999993
8191.061371999978
8195.941801999994
8200.955209000029
8205.90450200001
8210.91029600001
8216.017220000027
8221.058774000028
8226.048714
8231.475091999982
8236.03215700001
8241.027336000003
8246.025378000013
8250.951901999997
8255.905734999998
8260.922913999992
8266.043527000022
8271.090598
8276.039889999993
8281.066985999985
8286.035346000006
8291.049311999985
8296.044070999982
8301.068863000011
8306.033032000016
8311.046578999993
8316.061940999987
8321.050904000003
8326.037353000003
8331.033299000012
8336.063887000022
8341.046075999999
8346.044187000018
8351.065835999976
8356.028818000028
8361.02511400003
8366.042083000026
8371.051368999986
8376.035652999974
8381.03460299999
8386.052060999988
8391.019582000012
8396.034805
8401.04863099998
8406.021599999975
8411.021946999994
8416.027252999982
8421.036678999997
8426.016493000021
8431.027245999985
8436.048196000002
8441.030662999992
8446.021581000025
8450.889021000023
8455.881336000004
8460.89495199999
8466.079889000013
8471.028762999993
8476.021077999974
8481.023730000004
8485.890541000004
8490.89416999999
8495.892002999994
8500.939561999985
8505.877681000016
8510.878655999988
8516.05213900001
8521.01065200003
8525.893456000005
8530.892895000023
8535.887375000017
8540.874453000015
8545.883041000025
8551.001767999991
8556.033963000005
8561.026696999988
8566.44127200002
8571.040032999974
8575.903700000026
8580.95160900001
8586.048686000027
8590.993718999982
8595.991760999994
8601.674875000015
8606.005724999988
8611.002160999988
8616.58183999998
8621.014378999973
8626.001874999985
8631.000755000003
8636.67660599998
8641.006757000014
8645.999560999997
8651.111793999973
8656.650126999977
8661.654735000013
8665.996758999994
8670.989352999983
8676.645020000024
8680.99025700002
8686.66478099999
8691.651858000001
8695.997933
8700.99269299999
8706.647590999979
8710.991709999973
8716.721828000005
8721.647513999982
8725.874300999976
8731.642410999995
8736.64953299999
8741.630604000022
8745.845447000022
8751.646244000029
8756.627734000005
8761.634436000008
8765.82881600001
8771.651962000022
8776.638900000024
8781.645393000019
8786.011163000012
8791.65160399998
8796.63812199999
8801.71746000002
8805.852334999998
8811.632109000016
8817.081884000003
8821.64160299999
8826.628191999987
8831.650399000011
8836.655495000003
8841.630769000005
8846.627834000003
8851.642846999994
8856.626012999983
8861.637535
8867.239004999989
8871.626634999984
8876.628728000014
8881.627050000021
8886.624813000026
8891.62851200001
8896.630395999979
8901.624665999974
8906.611393999981
8911.612439999999
8917.277883999986
8921.611736999977
8926.607124999975
8931.610545000012
8936.610961999975
8941.618921999976
8946.615357999974
8951.623945999983
8956.61891499998
8961.625059000027
8966.630085000019
8971.612063999999
8976.60961700001
8981.631755000024
8986.630634999983
8991.619668
8996.617291000006
9001.608418999978
9006.618403999993
9011.607786000013
9016.652551999981
9021.619794000002
9026.624680999987
9031.654220999997
9036.61783199999
9041.594153999995
9046.602602000006
9051.621178000005
9056.635282999992
9061.604132000013
9066.603152000027
9071.648476999997
9076.637300000017
9081.60565999998
9086.628984000015
9091.604608000012
9096.627652999985
9101.690716999998
9106.599991999985
9111.608020999995
9116.631555000025
9121.627013000023
9126.586153999995
9131.595790000007
9136.627216000023
9141.605702999983
9146.602347999988
9151.678962000005
9156.634052000016
9161.647738999989
9166.635305
9171.585993999997
9176.617840000006
9181.628384000021
9186.634877000017
9191.593178999994
9196.614618000012
9201.65072399999
9206.616150000002
9211.597849999976
9216.61300300002
9221.613489999982
9226.610833999985
9231.612787000016
9236.688492999974
9241.598883999985
9246.60705299999
9251.906669999982
9256.589308999992
9261.59510399998
9266.591050999978
9271.63665500001
9276.609205
9281.626103999997
9286.632527999984
9291.593694000028
9296.588384000017
9302.212133000012
9306.588659
9311.587609000015
9316.584743000021
9321.577268
9326.584878000005
9331.591091999997
9336.58899400001
9341.584452999996
9346.585847000028
9352.21022500002
9356.584376
9361.589471999992
9366.590657000017
9371.626203999995
9376.587369999981
9381.588276000002
9386.575353000011
9391.602030000002
9396.58512699998
9401.594203999992
9406.605446000014
9411.634987000014
9416.606629
9421.616055000015
9426.619963999998
9431.628832000002
9436.594188000015
9441.594953999982
9446.618279000006
9451.642301999982
9456.593689999976
9461.591871999986
9466.616664000014
9471.654376000004
9476.590887999975
9481.597659999978
9486.632299000008
9491.620145000014
9496.592835000001
9501.604844999974
9506.616226999995
9511.625444000003
9516.61447700002
9521.622018000016
9526.613355999983
9531.615728000019
9536.625644000025
9541.59106999998
9546.607830000028
9551.609364
9556.630245000008
9561.611035999988
9566.61997399999
9571.660339999995
9576.621645999978
9581.593568000017
9586.612283000022
9591.601245999982
9596.60466600002
9601.589229000012
9606.630504000008
9611.608292000028
9616.60514700003
9621.631475000015
9626.599834999979
9631.611426999996
9636.616452999988
9641.602412999986
9646.59856999998
9651.604225000028
9656.597518000013
9661.599191999983
9666.598211999997
9671.60428599999
9676.590385999987
9681.597856999986
9686.95544100001
9691.591287999983
9696.587164999983
9701.597359999994
9706.617821000009
9711.602873000003
9716.594489999978
9721.661326000003
9726.591552000002
9731.589106000001
9737.049496999987
9741.596016000018
9746.589309
9751.58972600002
9756.60704500001
9761.595589000024
9766.62135800001
9771.560174999991
9776.59774800003
9781.608291999986
9787.150606000012
9791.586567000024
9796.597040999985
9801.625673999979
9806.613658999993
9811.59047
9816.609045000007
9821.600452999974
9826.582222000014
9831.580125000017
9837.346071000013
9841.586545999973
9846.582284000022
9851.58640200001
9856.569079999987
9861.559021000005
9866.572916999985
9871.603924
9876.576194999983
9881.622009000012
9886.616978000005
9891.574443000025
9896.565291999992
9901.56577900001
9906.54587199998
9911.571571000024
9916.603136999982
9921.620596000026
9926.59936199999
9931.60452799998
9936.618843000018
9941.600891999997
9946.614927999974
9951.610875000028
9956.634618999999
9961.61226800001
9966.601790000026
9971.587399999975
9976.593544000025
9981.60422799998
9986.596613000018
9991.624687000012
9996.594094999979
10001.602473999981
10006.604707000008
10011.596602999987
10016.589407000027
10021.547988999999
10026.582908000022
10031.55790300002
10036.54812299999
10041.603365000014
10046.576614000003
10051.587088000018
10056.621587999984
10061.593089999973
10066.58778000002
10071.583867000016
10076.57883600001
10081.587774000014
10086.591193999993
10091.59817599999
10096.583157999987
10101.583785000003
10106.625199000007
10111.597399999993
10116.596979000007
10121.759637000025
10126.578187000006
10131.574204000004
10136.588379999977
10141.600320999998
10146.578738000017
10151.59186599999
10156.649972000025
10161.56937300002
10166.563644000007
10172.02005400003
10176.573975999985
10181.57586000001
10186.571318000006
10191.544286999999
10196.530316999997
10201.532271000018
10206.566629999998
10211.569981000026
10216.562785000007
10222.26796900003
10226.572418999978
10231.570530999988
10236.579119999988
10241.565777999995
10246.560257999989
10251.57729800003
10256.529453999974
10261.564093000005
10266.564371000015
10272.249300999989
10276.556195000012
10281.524973999978
10286.530629000026
10291.510093999988
10296.531952000008
10301.536000999988
10306.540607999978
10311.589285000025
10316.589213999976
10321.612259000005
10326.586136000004
10331.578940999974
10336.542760999975
10341.59527899999
10346.577258000025
10351.591573999996
10356.578092000007
10361.583257999995
10366.577459999973
10371.596034999982
10376.58094699998
10381.58520600001
10386.568511999996
10391.620402
10396.575841000014
10401.600142999996
10406.57422999999
10411.573320000003
10416.567311999985
10421.534274999998
10426.59964400002
10431.544468000027
10436.524770000005
10441.593072999978
10446.525254999982
10451.528745000018
10456.496196999979
10461.514772999977
10466.521544999978
10471.604164999973
10476.528245999987
10481.516301
10486.518185000023
10491.55037899999
10496.517132999998
10501.525442000002
10506.555192999997
10511.512727000025
10516.516287000002
10521.510068999987
10526.580466999974
10531.567963999976
10536.515022000003
10541.580741000018
10546.560903999989
10551.56655899998
10556.58185300001
10561.556987000018
10566.557683999974
10571.565713999973
10576.55418799999
10581.565710000006
10586.545523999974
10591.542448999973
10596.514091000017
10601.518139999996
10606.623737999997
10611.54774900001
10616.54474400001
10621.543974000018
10626.514847999999
10631.503253000006
10636.493751999978
10641.597046000015
10646.558840000012
10651.551155999983
10656.882062000022
10661.520422000023
10666.568401000006
10671.552055999997
10676.523069999974
10681.500299999982
10686.497713999983
10691.553026000009
10696.541361000016
10701.569854000012
10707.155191000027
10711.573203
10716.57243300001
10721.57704
10726.567959000022
10731.569353999987
10736.559504000013
10741.56481
10746.562923
10751.566552999975
10756.597769999986
10761.562916999992
10766.55711799998
10771.578347999992
10776.563888999988
10781.570940999984
10786.568075999981
10791.566816999988
10796.570237000025
10801.579593999975
10806.598657999984
10811.563036999985
10816.55919399998
10821.562615000004
10826.575742999978
10831.566941000005
10836.570011999982
10841.543331000026
10846.555620999992
10851.55729500002
10856.528728000001
10861.567347999993
10866.548489000024
10871.55554100002
10876.578377999977
10881.55113800002
10886.539820999986
10891.547082999978
10896.537513
10901.546939000014
10906.629210000006
10911.566142000027
10916.543161999982
10921.557268000015
