0.818
0.816
0.816
0.818
0.818
0.816
0.818
0.816
0.814
0.818
0.818
0.816
0.814
0.818
0.818
0.816
0.818
0.818
0.816
0.818
0.818
0.816
0.812
0.818
0.818
0.816
0.818
0.818
0.816
0.818
0.818
0.816
0.814
0.818
0.818
0.816
0.818
0.816
0.816
0.818
0.818
0.816
0.814
0.818
0.818
0.816
0.818
0.818
0.816
0.816
0.818
0.816
0.814
0.818
0.818
0.816
0.82
0.818
0.818
0.816
0.82
0.818
0.814
0.818
0.818
0.816
0.818
0.818
0.818
0.816
0.82
0.818
0.816
0.818
0.82
0.816
0.82
0.818
0.818
0.816
0.82
0.818
0.816
0.818
0.82
0.816
0.82
0.818
0.818
0.816
0.82
0.816
0.818
0.82
0.818
0.814
0.82
0.818
0.82
0.816
0.82
0.818
0.818
0.818
0.82
0.814
0.82
0.818
0.818
0.814
0.82
0.818
0.818
0.818
0.82
0.816
0.82
0.818
0.818
0.814
0.82
0.816
0.818
0.818
0.82
0.816
0.82
0.818
0.818
0.814
0.82
0.818
0.818
0.818
0.82
0.816
0.82
0.818
0.818
0.812
0.82
0.816
0.818
0.818
0.82
0.816
0.82
0.818
0.818
0.812
0.82
0.816
0.818
0.818
0.818
0.816
0.818
0.818
0.82
0.812
0.82
0.818
0.818
0.818
0.82
0.816
0.818
0.818
0.82
0.814
0.82
0.818
0.818
0.818
0.82
0.816
0.818
0.818
0.82
0.816
0.82
0.818
0.818
0.818
0.82
0.818
0.818
0.818
0.818
0.816
0.82
0.818
0.818
0.818
0.82
0.818
0.818
0.818
0.818
0.816
0.822
0.818
0.818
0.818
0.82
0.818
0.818
0.818
0.82
0.816
0.822
0.818
0.818
0.818
0.822
0.818
0.818
0.818
0.82
0.818
0.82
0.818
0.818
0.818
0.82
0.818
0.818
0.818
0.82
0.818
0.822
0.818
0.82
0.82
0.82
0.818
0.818
0.818
0.82
0.818
0.822
0.818
0.82
0.82
0.822
0.818
0.818
0.818
0.82
0.816
0.822
0.818
0.82
0.818
0.82
0.818
0.818
0.818
0.82
0.818
0.822
0.818
0.822
0.818
0.822
0.82
0.82
0.82
0.822
0.818
0.824
0.82
0.824
0.818
0.824
0.82
0.822
0.82
0.824
0.818
0.824
0.822
0.824
0.82
0.826
0.822
0.822
0.824
0.826
0.82
0.828
0.822
0.826
0.822
0.828
0.824
0.828
0.826
0.828
0.824
0.832
0.826
0.83
0.826
0.832
0.828
0.832
0.83
0.832
0.828
0.836
0.832
0.838
0.832
0.838
0.836
0.84
0.838
0.842
0.838
0.844
0.84
0.844
0.84
0.846
0.844
0.848
0.846
0.85
0.846
0.852
0.85
0.854
0.848
0.856
0.852
0.858
0.856
0.86
0.856
0.862
0.858
0.864
0.86
0.87
0.868
0.872
0.87
0.876
0.874
0.882
0.882
0.888
0.882
0.894
0.894
0.902
0.904
0.91
0.908
0.912
0.91
0.916
0.91
0.918
0.914
0.92
0.918
0.92
0.918
0.922
0.918
0.924
0.918
0.924
0.92
0.926
0.924
0.928
0.926
0.932
0.928
0.934
0.93
0.936
0.932
0.934
0.936
0.94
0.938
0.942
0.94
0.946
0.944
0.95
0.946
0.948
0.948
0.952
0.948
0.956
0.956
0.968
0.968
0.98
0.978
0.988
0.992
1.0
1.004
1.012
1.014
1.026
1.026
1.036
1.036
1.046
1.046
1.056
1.054
1.06
1.062
1.074
1.078
1.092
1.094
1.108
1.11
1.124
1.128
1.142
1.148
1.162
1.158
1.168
1.162
1.17
1.166
1.176
1.17
1.172
1.172
1.18
1.176
1.186
1.18
1.19
1.184
1.192
1.19
1.192
1.194
1.204
1.2
1.214
1.212
1.226
1.22
1.234
1.234
1.246
1.248
1.26
1.256
1.274
1.272
1.284
1.28
1.294
1.294
1.308
1.308
1.326
1.326
1.342
1.338
1.354
1.352
1.37
1.37
1.384
1.388
1.404
1.398
1.418
1.418
1.436
1.432
1.456
1.462
1.482
1.486
1.506
1.504
1.526
1.526
1.546
1.54
1.56
1.558
1.574
1.57
1.586
1.58
1.598
1.592
1.604
1.594
1.614
1.61
1.624
1.62
1.636
1.634
1.654
1.652
1.67
1.662
1.688
1.688
1.712
1.714
1.734
1.73
1.746
1.742
1.76
1.746
1.77
1.774
1.798
1.802
1.828
1.828
1.846
1.846
1.868
1.854
1.882
1.882
1.9
1.902
1.928
1.93
1.95
1.954
1.972
1.958
1.982
1.976
1.988
1.984
2.002
1.994
2.01
2.01
2.03
2.02
2.048
2.048
2.062
2.064
2.084
2.082
2.1
2.106
2.132
2.124
2.15
2.152
2.172
2.178
2.202
2.202
2.222
2.23
2.256
2.256
2.286
2.29
2.306
2.316
2.34
2.34
2.354
2.358
2.38
2.376
2.4
2.398
2.412
2.412
2.434
2.432
2.444
2.452
2.48
2.48
2.506
2.508
2.532
2.532
2.56
2.556
2.57
2.578
2.61
2.604
2.628
2.626
2.648
2.646
2.672
2.67
2.684
2.694
2.72
2.716
2.746
2.74
2.76
2.752
2.776
2.77
2.776
2.782
2.808
2.798
2.828
2.826
2.856
2.848
2.878
2.876
2.892
2.902
2.936
2.922
2.96
2.956
2.988
2.976
3.01
3.006
3.022
3.028
3.062
3.048
3.084
3.08
3.112
3.096
3.132
3.128
3.146
3.144
3.174
3.158
3.188
3.182
3.208
3.19
3.224
3.216
3.242
3.238
3.27
3.254
3.304
3.304
3.334
3.318
3.356
3.346
3.376
3.368
3.406
3.388
3.432
3.424
3.46
3.436
3.478
3.472
3.504
3.498
3.534
3.522
3.56
3.552
3.58
3.548
3.592
3.578
3.604
3.592
3.624
3.612
3.652
3.648
3.686
3.656
3.708
3.7
3.728
3.722
3.758
3.74
3.78
3.774
3.806
3.77
3.824
3.808
3.84
3.83
3.862
3.846
3.876
3.868
3.902
3.868
3.922
3.908
3.932
3.926
3.954
3.94
3.964
3.954
3.98
3.942
3.988
3.974
3.99
3.982
4.01
3.994
4.014
4.006
4.036
4.002
4.042
4.028
4.048
4.04
4.074
4.054
4.076
4.072
4.102
4.076
4.116
4.104
4.12
4.112
4.14
4.116
4.132
4.122
4.142
4.114
4.146
4.126
4.138
4.126
4.152
4.13
4.142
4.136
4.158
4.132
4.162
4.14
4.156
4.14
4.166
4.144
4.152
4.148
4.174
4.146
4.176
4.154
4.174
4.164
4.194
4.174
4.184
4.182
4.214
4.19
4.218
4.198
4.218
1.000
1.000
1.000
4.214
4.216
4.242
4.214
4.242
4.222
4.242
4.222
4.248
4.226
4.228
4.228
4.256
4.224
4.256
4.234
4.254
4.232
4.262
4.238
4.24
4.24
4.268
4.232
4.266
4.244
4.266
4.24
4.274
4.25
4.256
4.254
4.282
4.248
4.282
4.26
4.28
4.252
4.284
4.264
4.274
4.27
4.298
4.262
4.298
4.278
4.294
4.256
4.312
4.284
4.296
4.286
4.314
4.276
4.314
4.29
4.316
4.282
4.318
4.296
4.312
4.298
4.326
4.29
4.326
4.304
4.33
4.292
4.334
4.31
4.332
4.316
4.34
4.308
4.344
4.32
4.344
4.304
4.35
4.328
4.344
4.326
4.348
4.314
4.35
4.328
4.352
4.308
4.352
4.326
4.35
4.33
4.358
4.32
4.356
4.33
4.358
4.31
4.356
4.332
4.354
4.334
4.36
4.326
4.354
4.334
4.356
4.312
4.358
4.336
4.352
4.334
4.36
4.332
4.354
4.338
4.358
4.312
4.358
4.338
4.352
4.334
4.362
4.33
4.35
4.338
4.356
4.316
4.358
4.336
4.348
4.336
4.362
4.334
4.35
4.336
4.358
4.32
4.358
4.338
4.346
4.336
4.36
4.334
4.348
4.338
4.358
4.324
4.358
4.336
4.346
4.338
4.36
4.334
4.346
4.338
4.36
4.328
4.36
4.338
4.346
4.338
4.362
4.336
4.342
4.338
4.36
4.33
4.36
4.336
4.342
4.338
4.36
4.338
4.34
4.338
4.358
4.332
4.36
4.338
4.35
4.34
4.36
4.338
4.34
4.338
4.358
4.334
4.358
4.34
4.352
4.336
4.358
4.336
4.336
4.338
4.36
4.332
4.358
4.338
4.35
4.336
4.362
4.338
4.336
4.338
4.358
4.332
4.358
4.34
4.352
4.334
4.36
4.338
4.334
4.34
4.358
4.328
4.358
4.338
4.35
4.332
4.36
4.34
4.338
4.342
4.358
4.328
4.36
4.34
4.358
4.33
4.362
4.338
4.342
4.338
4.358
4.328
4.36
4.338
4.356
4.33
4.36
4.34
4.346
4.34
4.358
4.328
4.358
4.34
4.356
4.328
4.36
4.34
4.352
4.34
4.356
4.324
4.358
4.342
4.358
4.326
4.36
4.34
4.356
4.34
4.358
4.326
4.36
4.342
4.358
4.322
4.36
4.342
4.354
4.34
4.36
4.33
4.358
4.342
4.354
4.322
4.358
4.342
4.356
4.34
4.358
4.334
4.358
4.344
4.354
4.322
4.36
4.342
4.356
4.342
4.358
4.334
4.356
4.346
4.358
4.32
4.358
4.34
4.35
4.342
4.36
4.338
4.352
4.34
4.358
4.318
4.36
4.344
4.346
4.344
4.358
4.34
4.35
4.342
4.356
4.322
4.36
4.342
4.348
4.344
4.356
4.34
4.35
4.344
4.358
4.328
4.36
4.344
4.346
4.346
4.358
4.342
4.348
4.346
4.356
4.334
4.36
4.342
4.342
4.344
4.358
4.342
4.346
4.344
4.356
4.338
4.358
4.342
4.342
4.344
4.358
4.344
4.342
4.344
4.356
4.34
4.358
4.344
4.348
4.344
4.358
4.34
4.336
4.344
4.356
4.34
4.358
4.344
4.348
4.344
4.36
4.34
4.336
4.344
4.356
4.342
4.358
4.344
4.348
4.342
4.358
4.342
4.334
4.342
4.352
4.34
4.36
4.344
4.35
4.34
4.356
4.342
4.334
4.344
4.354
4.338
4.358
4.344
4.352
4.338
4.356
4.342
4.334
4.344
4.356
4.332
4.356
4.342
4.354
4.336
4.356
4.342
4.338
4.344
4.356
4.332
4.358
4.346
4.352
4.336
4.354
4.342
4.34
4.34
4.352
4.328
4.356
4.342
4.35
4.334
4.354
4.342
4.346
4.342
4.354
4.328
4.356
4.346
4.352
4.332
4.352
4.34
4.348
4.344
4.354
4.33
4.354
4.344
4.352
4.326
4.352
4.34
4.348
4.344
4.352
4.334
4.354
4.344
4.352
4.326
4.352
4.346
4.35
4.346
4.35
4.334
4.354
4.346
4.354
4.324
4.352
4.342
4.348
4.346
4.354
4.336
4.354
4.344
4.352
4.322
4.352
4.342
4.346
4.348
4.352
4.34
4.352
4.344
4.352
4.322
4.352
4.342
4.346
4.346
4.352
4.342
4.348
4.346
4.35
4.326
4.352
4.344
4.342
4.346
4.35
4.342
4.344
4.344
4.352
4.33
4.352
4.342
4.34
4.346
4.352
4.344
4.342
4.344
4.35
4.332
4.352
4.342
4.338
4.344
4.352
4.344
4.34
4.346
4.348
4.338
4.35
4.342
4.338
4.344
4.348
4.344
4.334
4.344
4.346
4.338
4.348
4.34
4.332
4.342
4.344
4.338
4.328
4.338
4.344
4.336
4.344
4.334
4.332
4.338
4.342
4.336
4.322
4.336
4.34
4.33
4.34
4.334
4.328
4.336
4.338
4.334
4.32
4.334
4.336
4.328
4.338
4.332
4.33
4.33
4.334
4.33
4.314
4.328
4.334
4.322
4.332
4.326
4.326
4.324
4.33
4.324
4.31
4.324
4.328
4.316
4.328
4.322
4.324
4.318
4.326
4.32
4.308
4.32
4.324
4.312
4.324
4.318
4.322
4.31
4.318
4.318
4.306
4.316
4.316
4.304
4.318
4.314
4.318
4.304
4.316
4.312
4.304
4.312
4.314
4.3
4.314
4.308
4.312
4.298
4.312
4.308
4.302
4.308
4.31
4.294
4.31
4.304
4.306
4.292
4.306
4.304
4.298
4.304
4.302
4.284
4.302
4.294
4.296
4.272
4.284
4.282
4.276
4.268
4.262
4.24
4.248
4.232
4.226
4.198
4.208
4.196
4.186
1.000
1.000
1.000
4.138
4.124
4.114
4.088
4.098
4.088
4.078
4.07
4.062
4.046
4.04
4.034
4.022
3.994
4.0
3.99
3.98
3.974
3.966
3.954
3.944
3.936
3.924
3.894
3.904
3.894
3.882
3.878
3.874
3.862
3.848
3.842
3.83
3.802
3.802
3.786
3.762
3.756
3.742
3.726
3.71
3.702
3.688
3.662
3.658
3.646
3.628
3.626
3.618
3.608
3.588
3.582
3.572
3.556
3.546
3.532
3.512
3.51
3.5
3.488
3.472
3.472
3.464
3.448
3.438
3.426
3.404
3.404
3.392
3.38
3.356
3.348
3.33
3.31
3.294
3.278
3.256
3.256
3.242
3.228
3.202
3.196
3.178
3.162
3.146
3.132
3.11
3.096
3.08
3.068
3.044
3.038
3.022
3.002
2.986
2.968
2.944
2.93
2.914
2.898
2.866
2.862
2.844
2.828
2.814
2.8
2.782
2.762
2.75
2.73
2.7
2.686
2.658
2.62
2.59
2.554
2.51
2.47
2.436
2.402
2.344
2.31
2.27
2.224
2.182
2.146
2.106
2.06
2.024
1.984
1.932
1.898
1.862
1.818
1.774
1.742
1.702
1.662
1.622
1.584
1.54
1.504
1.466
1.422
1.388
1.352
1.316
1.276
1.236
1.2
1.16
1.12
1.084
1.046
1.01
0.974
0.938
0.898
0.86
0.826
0.822
0.82
0.82
0.81
0.812
0.814
0.816
0.812
0.814
0.816
0.814
0.814
0.816
0.814
0.816
0.814
0.816
0.812
0.814
0.814
0.814
0.814
0.814
0.814
0.814
0.814
0.816
0.812
0.814
0.814
0.816
0.814
0.814
0.814
0.814
0.814
0.816
0.812
0.814
0.816
0.814
0.814
0.814
0.814
0.814
0.814
0.814
0.812
0.814
0.814
0.814
0.814
0.814
0.814
0.814
0.814
0.814
0.81
0.814
0.814
0.814
0.814
0.814
0.814
0.814
0.814
0.814
0.812
0.814
0.816
0.814
0.814
0.814
0.814
0.814
0.814
0.814
0.812
0.814
0.814
0.812
0.814
0.814
0.814
0.812
0.814
0.814
0.814
0.814
0.814
0.812
0.814
0.816
0.814
0.812
0.814
0.814
0.814
0.814
0.814
0.814
0.814
0.814
0.816
0.812
0.814
0.814
0.814
0.814
0.814
0.814
0.814
0.814
0.816
0.812
0.814
0.816
0.814
0.814
0.814
0.814
0.814
0.816
0.814
0.81
0.814
0.816
0.814
0.814
0.814
0.814
0.814
0.814
0.816
0.812
0.814
0.814
0.814
0.814
0.814
0.814
0.814
0.814
0.814
0.81
0.814
0.814
0.814
0.814
0.816
0.816
0.814
0.814
0.814
0.81
0.814
0.814
0.814
0.814
0.814
0.814
0.814
0.814
0.814
0.812
0.814
0.814
0.812
0.814
0.814
0.816
0.814
0.814
0.814
0.812
0.814
0.816
0.812
0.814
0.814
0.816
0.812
0.814
0.814
0.814
0.814
0.816
0.812
0.814
0.814
0.816
0.812
0.814
0.814
0.814
0.814
0.814
0.812
0.814
0.814
0.814
0.81
0.814
0.816
0.814
0.814
0.814
0.814
0.814
0.814
0.816
0.81
0.814
0.816
0.814
0.814
0.814
0.812
0.814
0.816
0.816
0.81
0.814
0.814
0.814
0.814
0.814
0.812
0.814
0.814
0.814
0.81
0.814
0.814
0.812
0.814
0.814
0.814
0.814
0.814
0.814
0.81
0.814
0.814
0.814
0.814
0.814
0.814
0.812
0.814
0.816
0.812
0.814
0.816
0.812
0.814
0.814
0.814
0.812
0.814
0.814
0.812
0.814
0.814
0.812
0.814
0.814
0.814
0.812
0.814
0.814
0.812
0.814
0.814
0.812
0.814
0.814
0.814
0.812
0.814
0.814
0.812
0.814
0.814
0.812
0.814
0.814
0.814
0.812
0.814
0.814
0.812
0.814
0.814
0.812
0.814
0.814
0.814
0.81
0.814
0.814
0.812
0.814
0.814
0.812
0.814
0.814
0.814
0.81
0.814
0.816
0.814
0.814
0.814
0.812
0.814
0.814
0.814
0.81
0.814
0.814
0.812
0.814
0.814
0.814
0.814
0.814
0.814
0.81
0.814
0.816
0.812
0.814
0.814
0.814
0.814
0.814
0.814
0.81
0.814
0.814
0.812
0.814
0.814
0.814
0.812
0.814
0.814
0.81
0.814
0.814
0.812
0.814
0.814
0.814
0.812
0.814
0.814
0.81
0.814
0.814
0.812
0.814
0.814
0.814
0.812
0.814
0.814
0.812
0.814
0.814
0.812
0.814
0.814
0.814
0.812
0.814
0.814
0.812
0.814
0.814
0.812
0.814
0.814
0.814
0.812
0.814
0.814
0.812
0.814
0.814
0.812
0.814
0.814
0.814
0.81
0.814
0.814
0.814
0.814
0.814
0.812
0.814
0.814
0.814
0.81
0.814
0.814
0.812
0.814
0.816
0.812
0.814
0.814
0.814
0.81
0.814
0.814
0.814
0.814
0.814
0.812
0.814
0.814
0.814
0.81
0.814
0.814
0.812
0.814
0.814
0.814
0.814
0.814
0.814
0.81
0.814
0.814
0.812
0.814
0.814
0.814
0.812
0.814
0.814
0.81
0.814
0.814
0.812
0.814
0.814
0.814
0.812
0.814
0.814
0.81
0.814
0.814
0.812
0.814
0.814
0.814
0.812
0.814
0.814
0.812
0.814
0.814
0.812
0.814
0.816
0.814
0.81
0.814
0.814
0.812
0.814
0.814
0.812
0.814
0.816
0.814
0.812
0.814
0.814
0.812
0.814
0.814
0.812
0.814
0.814
0.814
0.81
0.816
0.814
0.812
0.814
0.814
0.812
0.814
0.814
0.814
0.81
0.814
0.814
0.814
0.814
0.814
0.812
0.814
0.816
0.814
0.81
0.814
0.814
0.812
0.814
0.814
0.812
0.814
0.816
0.814
0.81
0.814
0.814
0.814
0.814
0.814
0.814
0.814
0.814
0.814
0.81
0.814
0.814
0.812
0.814
0.814
0.814
0.812
0.814
0.814
0.81
0.814
0.814
0.812
0.816
0.814
0.814
0.812
0.814
0.814
0.812
0.814
0.814
0.812
0.816
0.814
0.814
0.812
0.814
